
python -u train_TimesNet.py   --task_name long_term_forecast   --is_training 1   --root_path ./dataset/traffic/   --data_path traffic.csv   --model_id traffic_96_96   --model TimesNet   --data custom   --features M   --seq_len 96   --label_len 48   --pred_len 96   --e_layers 2   --d_layers 1   --factor 3   --enc_in 862   --dec_in 862   --c_out 862   --d_model 512   --d_ff 512   --top_k 5   --des 'Exp'   --itr 1



        [[[-0.5000, -0.0217,  0.3333, -0.2000, -0.0616],
         [-0.5000,  0.0217,  0.3333, -0.2000, -0.0616],
         [-0.5000,  0.0652,  0.3333, -0.2000, -0.0616],
         ...,
         [-0.5000, -0.1522, -0.1667, -0.0667, -0.0507],
         [-0.5000, -0.1087, -0.1667, -0.0667, -0.0507],
         [-0.5000, -0.0652, -0.1667, -0.0667, -0.0507]],


        [[-0.5000, -0.3696,  0.3333,  0.0000,  0.2068],
         [-0.5000, -0.3261,  0.3333,  0.0000,  0.2068],
         [-0.5000, -0.2826,  0.3333,  0.0000,  0.2068],
         ...,
         [-0.5000, -0.5000, -0.1667,  0.1333,  0.2178],
         [-0.5000, -0.4565, -0.1667,  0.1333,  0.2178],
         [-0.5000, -0.4130, -0.1667,  0.1333,  0.2178]],

        [[-0.5000,  0.1957, -0.5000,  0.3667, -0.2671],
         [-0.5000,  0.2391, -0.5000,  0.3667, -0.2671],
         [-0.5000,  0.2826, -0.5000,  0.3667, -0.2671],
         ...,
         [-0.5000,  0.0652,  0.1667,  0.5000, -0.2562],
         [-0.5000,  0.1087,  0.1667,  0.5000, -0.2562],
         [-0.5000,  0.1522,  0.1667,  0.5000, -0.2562]],

        ...,

        [[-0.5000,  0.4565, -0.1667, -0.4000,  0.2562],
         [-0.5000,  0.5000, -0.1667, -0.4000,  0.2562],
         [-0.5000, -0.5000,  0.0000, -0.3667,  0.2589],
         ...,
         [-0.5000,  0.3261,  0.5000, -0.2667,  0.2671],
         [-0.5000,  0.3696,  0.5000, -0.2667,  0.2671],
         [-0.5000,  0.4130,  0.5000, -0.2667,  0.2671]],

        [[-0.5000, -0.4130,  0.5000, -0.4000,  0.4260],
         [-0.5000, -0.3696,  0.5000, -0.4000,  0.4260],
         [-0.5000, -0.3261,  0.5000, -0.4000,  0.4260],
         ...,
         [-0.5000,  0.5000, -0.1667, -0.3000,  0.4342],
         [-0.5000, -0.5000,  0.0000, -0.2667,  0.4370],
         [-0.5000, -0.4565,  0.0000, -0.2667,  0.4370]],

        [[-0.5000, -0.3261,  0.5000, -0.3333,  0.0945],
         [-0.5000, -0.2826,  0.5000, -0.3333,  0.0945],
         [-0.5000, -0.2391,  0.5000, -0.3333,  0.0945],
         ...,
         [-0.5000, -0.4565,  0.0000, -0.2000,  0.1055],
         [-0.5000, -0.4130,  0.0000, -0.2000,  0.1055],
         [-0.5000, -0.3696,  0.0000, -0.2000,  0.1055]]]
